1686412914
1686412919
1686412925
1686412930
1686412936
1686412942
1686412947
1686412953
1686412958
1686412964
1686412970
1686412975
1686412981
1686412986
1686413033
1686413039
1686413046
1686413052
1686413058
1686413063
1686413069
1686413074
1686413080
1686413086
1686413091
1686413097
1686413102
1686413108
1686413114
1686413119
1686413125
1686413130
1686413136
1686413141
1686413147
1686413153
1686413159
1686413164
1686413170
1686413175
1686413181
1686413186
1686413192
1686413198
1686413203
1686413209
1686413214
1686413220
