1686417099
1686417104
1686417110
1686417115
1686417120
1686417336
1686417342
1686417347
1686417352
1686417358
1686417363
1686417369
1686417374
1686417379
1686417385
1686417390
1686417395
1686417401
1686417406
1686417412
1686417417
1686417422
1686417428
1686417433
1686417438
1686417444
1686417449
1686417455
1686417460
1686417465
1686417471
1686417476
1686417481
1686417487
1686417492
1686417498
1686417503
1686417508
1686417514
1686417519
1686417525
1686417530
1686417535
1686417541
1686417546
1686417551
1686417557
1686417562
1686417568
1686417573
1686417578
1686417584
1686417589
1686417594
1686417600
1686417605
1686417611
1686417616
1686417621
1686417627
1686417632
1686417638
1686417643
1686417648
1686417654
1686417659
1686417664
1686417670
1686417675
1686417681
1686417686
1686417694
1686417700
1686417705
1686417711
1686417716
1686417721
1686417727
1686417732
1686417737
1686417743
1686417748
1686417754
1686417760
1686417766
1686417771
1686417778
1686417784
1686417790
1686417796
1686417802
1686417807
1686417813
1686417819
1686417824
1686417830
1686417835
1686417841
1686417846
1686417852
1686417857
1686417862
1686417868
1686417873
1686417878
1686417884
1686417889
1686417895
1686417900
1686417905
1686417911
1686417916
1686417921
1686417927
1686417932
1686417938
1686417943
1686417948
1686417954
1686418542
1686418548
1686418553
1686418559
1686418564
1686418570
1686418575
1686418581
1686418586
1686418591
1686418597
1686418602
1686418608
1686418613
1686418619
1686418624
1686418629
1686418635
1686418641
1686418649
1686418654
1686418659
1686418665
1686418672
1686418677
1686418683
1686418688
1686418694
1686418699
1686418704
1686418710
1686418715
1686418721
1686418726
1686418731
1686418737
1686418742
1686418748
1686418753
1686418758
